FF0000;FF0000;FF0000;FF0000;FF0000;FF0000;FF0000;FF0000;FF0000;FF0000;FF0000;FF0000;FF0000;FF0000;FF0000;FF0000;0000FF;0000FF;0000FF;0000FF;0000FF;0000FF;0000FF;0000FF;0000FF;0000FF;0000FF;0000FF;0000FF;0000FF;0000FF;0000FF;0000FF;0000FF;0000FF;0000FF;0000FF;0000FF;0000FF;0000FF;0000FF;0000FF;
FF0000;FF0000;FF0000;FF0000;FF0000;FF0000;FF0000;FF0000;FF0000;FF0000;FF0000;FF0000;FF0000;FF0000;FF0000;FF0000;0000FF;0000FF;0000FF;0000FF;0000FF;0000FF;0000FF;0000FF;0000FF;0000FF;0000FF;0000FF;0000FF;0000FF;0000FF;0000FF;0000FF;0000FF;0000FF;0000FF;0000FF;0000FF;0000FF;0000FF;0000FF;0000FF;
FF0000;FF0000;FF0000;FF0000;FF0000;FF0000;FF0000;FF0000;FF0000;FF0000;FF0000;FF0000;FF0000;0000FF;0000FF;0000FF;00FF00;00FF00;00FF00;00FF00;00FF00;00FF00;00FF00;00FF00;00FF00;00FF00;00FF00;00FF00;00FF00;00FF00;00FF00;00FF00;00FF00;00FF00;00FF00;00FF00;00FF00;00FF00;00FF00;00FF00;00FF00;00FF00;
FF0000;FF0000;FF0000;FF0000;FF0000;FF0000;FF0000;FF0000;FF0000;00FF00;00FF00;00FF00;00FF00;00FF00;00FF00;00FF00;00FF00;00FF00;00FF00;00FF00;00FF00;00FF00;00FF00;00FF00;00FF00;00FF00;00FF00;00FF00;00FF00;00FF00;00FF00;00FF00;00FF00;00FF00;00FF00;00FF00;00FF00;00FF00;00FF00;00FF00;00FF00;00FF00;
FF0000;FF0000;FF0000;FF0000;FF0000;FF0000;FF0000;00FF00;00FF00;00FF00;00FF00;00FF00;00FF00;00FF00;00FF00;00FF00;00FF00;00FF00;00FF00;00FF00;00FF00;00FF00;00FF00;00FF00;00FF00;00FF00;00FF00;00FF00;00FF00;00FF00;00FF00;00FF00;00FF00;00FF00;00FF00;00FF00;00FF00;00FF00;00FF00;00FF00;00FF00;00FF00;
FF0000;FF0000;FF0000;FF0000;FF0000;FF0000;00FF00;00FF00;00FF00;00FF00;00FF00;00FF00;00FF00;00FF00;00FF00;00FF00;00FF00;00FF00;00FF00;00FF00;00FF00;00FF00;00FF00;00FF00;00FF00;00FF00;00FF00;00FF00;00FF00;00FF00;00FF00;00FF00;00FF00;00FF00;00FF00;00FF00;00FF00;00FF00;00FF00;00FF00;00FF00;00FF00;
FF0000;FF0000;FF0000;FF0000;FF0000;00FF00;FF0000;00FF00;00FF00;00FF00;00FF00;00FF00;00FF00;00FF00;00FF00;00FF00;00FF00;00FF00;00FF00;00FF00;00FF00;00FF00;00FF00;00FF00;00FF00;00FF00;00FF00;00FF00;00FF00;00FF00;00FF00;00FF00;00FF00;00FF00;00FF00;00FF00;00FF00;00FF00;00FF00;00FF00;00FF00;00FF00;
FF0000;FF0000;FF0000;FF0000;00FF00;00FF00;00FF00;FF0000;00FF00;00FF00;00FF00;00FF00;00FF00;00FF00;00FF00;00FF00;00FF00;00FF00;00FF00;00FF00;00FF00;00FF00;00FF00;00FF00;00FF00;00FF00;00FF00;00FF00;00FF00;00FF00;00FF00;00FF00;00FF00;00FF00;00FF00;00FF00;00FF00;00FF00;00FF00;00FF00;00FF00;00FF00;
FF0000;FF0000;FF0000;FF0000;00FF00;00FF00;00FF00;00FF00;FF0000;00FF00;00FF00;00FF00;00FF00;00FF00;00FF00;00FF00;00FF00;00FF00;00FF00;00FF00;00FF00;00FF00;00FF00;00FF00;00FF00;00FF00;00FF00;00FF00;00FF00;00FF00;00FF00;00FF00;00FF00;00FF00;00FF00;00FF00;00FF00;00FF00;00FF00;00FF00;00FF00;00FF00;
FF0000;FF0000;FF0000;00FF00;00FF00;00FF00;00FF00;00FF00;00FF00;FF0000;00FF00;00FF00;00FF00;00FF00;00FF00;00FF00;00FF00;00FF00;00FF00;00FF00;00FF00;00FF00;00FF00;00FF00;00FF00;00FF00;00FF00;00FF00;00FF00;00FF00;00FF00;00FF00;00FF00;00FF00;00FF00;00FF00;00FF00;00FF00;00FF00;00FF00;00FF00;00FF00;
FF0000;FF0000;FF0000;00FF00;00FF00;00FF00;00FF00;00FF00;00FF00;00FF00;FF0000;00FF00;00FF00;00FF00;00FF00;00FF00;00FF00;00FF00;00FF00;00FF00;00FF00;00FF00;00FF00;00FF00;00FF00;00FF00;00FF00;00FF00;00FF00;00FF00;00FF00;00FF00;00FF00;00FF00;00FF00;00FF00;00FF00;00FF00;00FF00;00FF00;00FF00;00FF00;
FF0000;FF0000;FF0000;00FF00;00FF00;00FF00;00FF00;00FF00;00FF00;00FF00;00FF00;FF0000;00FF00;00FF00;00FF00;00FF00;00FF00;00FF00;00FF00;00FF00;00FF00;00FF00;00FF00;00FF00;00FF00;00FF00;00FF00;00FF00;00FF00;00FF00;00FF00;00FF00;00FF00;00FF00;00FF00;00FF00;00FF00;00FF00;00FF00;00FF00;00FF00;00FF00;
FF0000;FF0000;FF0000;00FF00;00FF00;00FF00;00FF00;00FF00;00FF00;00FF00;00FF00;00FF00;FF0000;00FF00;00FF00;00FF00;00FF00;00FF00;00FF00;00FF00;00FF00;00FF00;00FF00;00FF00;00FF00;00FF00;00FF00;00FF00;00FF00;00FF00;00FF00;00FF00;00FF00;00FF00;00FF00;00FF00;00FF00;00FF00;00FF00;00FF00;00FF00;00FF00;
FF0000;FF0000;FFFF00;00FF00;00FF00;00FF00;00FF00;00FF00;00FF00;00FF00;00FF00;00FF00;00FF00;FF0000;00FF00;00FF00;00FF00;00FF00;00FF00;00FF00;00FF00;00FF00;00FF00;00FF00;00FF00;00FF00;00FF00;00FF00;00FF00;00FF00;00FF00;00FF00;00FF00;00FF00;00FF00;00FF00;00FF00;00FF00;00FF00;00FF00;00FF00;00FF00;
FF0000;FF0000;FFFF00;00FF00;00FF00;00FF00;00FF00;00FF00;00FF00;00FF00;00FF00;00FF00;00FF00;00FF00;FF0000;00FF00;00FF00;00FF00;00FF00;00FF00;00FF00;00FF00;00FF00;00FF00;00FF00;00FF00;00FF00;00FF00;00FF00;00FF00;00FF00;00FF00;00FF00;00FF00;00FF00;00FF00;00FF00;00FF00;00FF00;00FF00;00FF00;00FF00;
FF0000;FF0000;FFFF00;00FF00;00FF00;00FF00;00FF00;00FF00;00FF00;00FF00;00FF00;00FF00;00FF00;00FF00;00FF00;FF0000;00FF00;00FF00;00FF00;00FF00;00FF00;00FF00;00FF00;00FF00;00FF00;00FF00;00FF00;00FF00;00FF00;00FF00;00FF00;00FF00;00FF00;00FF00;00FF00;00FF00;00FF00;00FF00;00FF00;00FF00;00FF00;00FF00;
FFFF00;FFFF00;00FF00;00FF00;00FF00;00FF00;00FF00;00FF00;00FF00;00FF00;00FF00;00FF00;00FF00;00FF00;00FF00;00FF00;FF0000;00FF00;00FF00;00FF00;00FF00;00FF00;00FF00;00FF00;00FF00;00FF00;00FF00;00FF00;00FF00;00FF00;00FF00;00FF00;00FF00;00FF00;00FF00;00FF00;00FF00;00FF00;00FF00;00FF00;00FF00;00FF00;
FFFF00;FFFF00;00FF00;00FF00;00FF00;00FF00;00FF00;00FF00;00FF00;00FF00;00FF00;00FF00;00FF00;00FF00;00FF00;00FF00;00FF00;FF0000;00FF00;00FF00;00FF00;00FF00;00FF00;00FF00;00FF00;00FF00;00FF00;00FF00;00FF00;00FF00;00FF00;00FF00;00FF00;00FF00;00FF00;00FF00;00FF00;00FF00;00FF00;00FF00;00FF00;00FF00;
FFFF00;FFFF00;00FF00;00FF00;00FF00;00FF00;00FF00;00FF00;00FF00;00FF00;00FF00;00FF00;00FF00;00FF00;00FF00;00FF00;00FF00;00FF00;FF0000;00FF00;00FF00;00FF00;00FF00;00FF00;00FF00;00FF00;00FF00;00FF00;00FF00;00FF00;00FF00;00FF00;00FF00;00FF00;00FF00;00FF00;00FF00;00FF00;00FF00;00FF00;00FF00;00FF00;
FFFF00;FFFF00;00FF00;00FF00;00FF00;00FF00;00FF00;00FF00;00FF00;00FF00;00FF00;00FF00;00FF00;00FF00;00FF00;00FF00;00FF00;00FF00;00FF00;FF0000;00FF00;00FF00;00FF00;00FF00;00FF00;00FF00;00FF00;00FF00;00FF00;00FF00;00FF00;00FF00;00FF00;00FF00;00FF00;00FF00;00FF00;00FF00;00FF00;00FF00;00FF00;00FF00;
FFFF00;FFFF00;00FF00;00FF00;00FF00;00FF00;00FF00;00FF00;00FF00;00FF00;00FF00;00FF00;00FF00;00FF00;00FF00;00FF00;00FF00;00FF00;00FF00;00FF00;FF0000;00FF00;00FF00;00FF00;00FF00;00FF00;00FF00;00FF00;00FF00;00FF00;00FF00;00FF00;00FF00;00FF00;00FF00;00FF00;00FF00;00FF00;00FF00;00FF00;00FF00;00FF00;
FFFF00;FFFF00;00FF00;00FF00;00FF00;00FF00;00FF00;00FF00;00FF00;00FF00;00FF00;00FF00;00FF00;00FF00;00FF00;00FF00;00FF00;00FF00;00FF00;00FF00;00FF00;FF0000;00FF00;00FF00;00FF00;00FF00;00FF00;00FF00;00FF00;00FF00;00FF00;00FF00;00FF00;00FF00;00FF00;00FF00;00FF00;00FF00;00FF00;00FF00;00FF00;00FF00;
FFFF00;FFFF00;00FF00;00FF00;00FF00;00FF00;00FF00;00FF00;00FF00;00FF00;00FF00;00FF00;00FF00;00FF00;00FF00;00FF00;00FF00;00FF00;00FF00;00FF00;00FF00;00FF00;FF0000;00FF00;00FF00;00FF00;00FF00;00FF00;00FF00;00FF00;00FF00;00FF00;00FF00;00FF00;00FF00;00FF00;00FF00;00FF00;00FF00;00FF00;00FF00;00FF00;
FFFF00;FFFF00;00FF00;00FF00;00FF00;00FF00;00FF00;00FF00;00FF00;00FF00;00FF00;00FF00;00FF00;00FF00;00FF00;00FF00;00FF00;00FF00;00FF00;00FF00;00FF00;00FF00;00FF00;FF0000;00FF00;00FF00;00FF00;00FF00;00FF00;00FF00;00FF00;00FF00;00FF00;00FF00;00FF00;00FF00;00FF00;00FF00;00FF00;00FF00;00FF00;00FF00;
FFFF00;FFFF00;00FF00;00FF00;00FF00;00FF00;00FF00;00FF00;00FF00;00FF00;00FF00;00FF00;00FF00;00FF00;00FF00;00FF00;00FF00;00FF00;00FF00;00FF00;00FF00;00FF00;00FF00;00FF00;FF0000;00FF00;00FF00;00FF00;00FF00;00FF00;00FF00;00FF00;00FF00;00FF00;00FF00;00FF00;00FF00;00FF00;00FF00;00FF00;00FF00;00FF00;
FFFF00;FFFF00;00FF00;00FF00;00FF00;00FF00;00FF00;00FF00;00FF00;00FF00;00FF00;00FF00;00FF00;00FF00;00FF00;00FF00;00FF00;00FF00;00FF00;00FF00;00FF00;00FF00;00FF00;00FF00;00FF00;FF0000;00FF00;00FF00;00FF00;00FF00;00FF00;00FF00;00FF00;00FF00;00FF00;00FF00;00FF00;00FF00;00FF00;00FF00;00FF00;00FF00;
FFFF00;FFFF00;00FF00;00FF00;00FF00;00FF00;00FF00;00FF00;00FF00;00FF00;00FF00;00FF00;00FF00;00FF00;00FF00;00FF00;00FF00;00FF00;00FF00;00FF00;00FF00;00FF00;00FF00;00FF00;00FF00;00FF00;FF0000;00FF00;00FF00;00FF00;00FF00;00FF00;00FF00;00FF00;00FF00;00FF00;00FF00;00FF00;00FF00;00FF00;00FF00;00FF00;
FFFF00;FFFF00;00FF00;00FF00;00FF00;00FF00;00FF00;00FF00;00FF00;00FF00;00FF00;00FF00;00FF00;00FF00;00FF00;00FF00;00FF00;00FF00;00FF00;00FF00;00FF00;00FF00;00FF00;00FF00;00FF00;00FF00;00FF00;FF0000;00FF00;00FF00;00FF00;00FF00;00FF00;00FF00;00FF00;00FF00;00FF00;00FF00;00FF00;00FF00;00FF00;00FF00;
FFFF00;FFFF00;00FF00;00FF00;00FF00;00FF00;00FF00;00FF00;00FF00;00FF00;00FF00;00FF00;00FF00;00FF00;00FF00;00FF00;00FF00;00FF00;00FF00;00FF00;00FF00;00FF00;00FF00;00FF00;00FF00;00FF00;00FF00;00FF00;FF0000;00FF00;00FF00;00FF00;00FF00;00FF00;00FF00;00FF00;00FF00;00FF00;00FF00;00FF00;00FF00;00FF00;
FFFF00;FFFF00;00FF00;00FF00;00FF00;00FF00;00FF00;00FF00;00FF00;00FF00;00FF00;00FF00;00FF00;00FF00;00FF00;00FF00;00FF00;00FF00;00FF00;00FF00;00FF00;00FF00;00FF00;00FF00;00FF00;00FF00;00FF00;00FF00;00FF00;FF0000;00FF00;00FF00;00FF00;00FF00;00FF00;00FF00;00FF00;00FF00;00FF00;00FF00;00FF00;00FF00;
FFFF00;FFFF00;00FF00;00FF00;00FF00;00FF00;00FF00;00FF00;00FF00;00FF00;00FF00;00FF00;00FF00;00FF00;00FF00;00FF00;00FF00;00FF00;00FF00;00FF00;00FF00;00FF00;00FF00;00FF00;00FF00;00FF00;00FF00;00FF00;00FF00;00FF00;FF0000;00FF00;00FF00;00FF00;00FF00;00FF00;00FF00;00FF00;00FF00;00FF00;00FF00;00FF00;
FFFF00;FFFF00;00FF00;00FF00;00FF00;00FF00;00FF00;00FF00;00FF00;00FF00;00FF00;00FF00;00FF00;00FF00;00FF00;00FF00;00FF00;00FF00;00FF00;00FF00;00FF00;00FF00;00FF00;00FF00;00FF00;00FF00;00FF00;00FF00;00FF00;00FF00;00FF00;FF0000;00FF00;00FF00;00FF00;00FF00;00FF00;00FF00;00FF00;00FF00;00FF00;00FF00;
FFFF00;FFFF00;00FF00;00FF00;00FF00;00FF00;00FF00;00FF00;00FF00;00FF00;00FF00;00FF00;00FF00;00FF00;00FF00;00FF00;00FF00;00FF00;00FF00;00FF00;00FF00;00FF00;00FF00;00FF00;00FF00;00FF00;00FF00;00FF00;00FF00;00FF00;00FF00;00FF00;FF0000;00FF00;00FF00;00FF00;00FF00;00FF00;00FF00;00FF00;00FF00;00FF00;
FFFF00;FFFF00;00FF00;00FF00;00FF00;00FF00;00FF00;00FF00;00FF00;00FF00;00FF00;00FF00;00FF00;00FF00;00FF00;00FF00;00FF00;00FF00;00FF00;00FF00;00FF00;00FF00;00FF00;00FF00;00FF00;00FF00;00FF00;00FF00;00FF00;00FF00;00FF00;00FF00;00FF00;FF0000;00FF00;00FF00;00FF00;00FF00;00FF00;00FF00;00FF00;00FF00;
FFFF00;FFFF00;00FF00;00FF00;00FF00;00FF00;00FF00;00FF00;00FF00;00FF00;00FF00;00FF00;00FF00;00FF00;00FF00;00FF00;00FF00;00FF00;00FF00;00FF00;00FF00;00FF00;00FF00;00FF00;00FF00;00FF00;00FF00;00FF00;00FF00;00FF00;00FF00;00FF00;00FF00;00FF00;FF0000;00FF00;00FF00;00FF00;00FF00;00FF00;00FF00;00FF00;
FFFF00;FFFF00;00FF00;00FF00;00FF00;00FF00;00FF00;00FF00;00FF00;00FF00;00FF00;00FF00;00FF00;00FF00;00FF00;00FF00;00FF00;00FF00;00FF00;00FF00;00FF00;00FF00;00FF00;00FF00;00FF00;00FF00;00FF00;00FF00;00FF00;00FF00;00FF00;00FF00;00FF00;00FF00;00FF00;FF0000;00FF00;00FF00;00FF00;00FF00;00FF00;00FF00;
FFFF00;FFFF00;00FF00;00FF00;00FF00;00FF00;00FF00;00FF00;00FF00;00FF00;00FF00;00FF00;00FF00;00FF00;00FF00;00FF00;00FF00;00FF00;00FF00;00FF00;00FF00;00FF00;00FF00;00FF00;00FF00;00FF00;00FF00;00FF00;00FF00;00FF00;00FF00;00FF00;00FF00;00FF00;00FF00;00FF00;FF0000;00FF00;00FF00;00FF00;00FF00;00FF00;
FFFF00;FFFF00;00FF00;00FF00;00FF00;00FF00;00FF00;00FF00;00FF00;00FF00;00FF00;00FF00;00FF00;00FF00;00FF00;00FF00;00FF00;00FF00;00FF00;00FF00;00FF00;00FF00;00FF00;00FF00;00FF00;00FF00;00FF00;00FF00;00FF00;00FF00;00FF00;00FF00;00FF00;00FF00;00FF00;00FF00;00FF00;FF0000;00FF00;00FF00;00FF00;00FF00;
FFFF00;FFFF00;00FF00;00FF00;00FF00;00FF00;00FF00;00FF00;00FF00;00FF00;00FF00;00FF00;00FF00;00FF00;00FF00;00FF00;00FF00;00FF00;00FF00;00FF00;00FF00;00FF00;00FF00;00FF00;00FF00;00FF00;00FF00;00FF00;00FF00;00FF00;00FF00;00FF00;00FF00;00FF00;00FF00;00FF00;00FF00;00FF00;FF0000;00FF00;00FF00;00FF00;
FFFF00;FFFF00;00FF00;00FF00;00FF00;00FF00;00FF00;00FF00;00FF00;00FF00;00FF00;00FF00;00FF00;00FF00;00FF00;00FF00;00FF00;00FF00;00FF00;00FF00;00FF00;00FF00;00FF00;00FF00;00FF00;00FF00;00FF00;00FF00;00FF00;00FF00;00FF00;00FF00;00FF00;00FF00;00FF00;00FF00;00FF00;00FF00;00FF00;FF0000;00FF00;00FF00;
FFFF00;FFFF00;00FF00;00FF00;00FF00;00FF00;00FF00;00FF00;00FF00;00FF00;00FF00;00FF00;00FF00;00FF00;00FF00;00FF00;00FF00;00FF00;00FF00;00FF00;00FF00;00FF00;00FF00;00FF00;00FF00;00FF00;00FF00;00FF00;00FF00;00FF00;00FF00;00FF00;00FF00;00FF00;00FF00;00FF00;00FF00;00FF00;00FF00;00FF00;FF0000;00FF00;
FFFF00;FFFF00;00FF00;00FF00;00FF00;00FF00;00FF00;00FF00;00FF00;00FF00;00FF00;00FF00;00FF00;00FF00;00FF00;00FF00;00FF00;00FF00;00FF00;00FF00;00FF00;00FF00;00FF00;00FF00;00FF00;00FF00;00FF00;00FF00;00FF00;00FF00;00FF00;00FF00;00FF00;00FF00;00FF00;00FF00;00FF00;00FF00;00FF00;00FF00;00FF00;FF0000;
